20
max_c:  0.5  max_gamma:  199.99999999999997 max_score: 0.6778574164935792
[0.6777412421149563, 0.677683159986827, 0.677683159986827, 0.6723392904056403, 0.6507898592450785, 0.638301786680357, 0.615764473468098, 0.6159386996077564, 0.677741252237321, 0.6778574164935792, 0.6778574164935792, 0.6777993242430855, 0.6528228450756104, 0.653461728240302, 0.6135572614979079, 0.615764473468098, 0.677741252237321, 0.6778574164935792, 0.6778574164935792, 0.6777993242430855, 0.6619424376350488, 0.6517772048114514, 0.6159970449173654, 0.615764473468098, 0.677741252237321, 0.6778574164935792, 0.6778574164935792, 0.6776831498644625, 0.6698996891887458, 0.6595606148753452, 0.6211664150550495, 0.6143122987964933, 0.677741252237321, 0.677741252237321, 0.6778574164935792, 0.6776250677363334, 0.6731524705665425, 0.6633360746721169, 0.625813106773759, 0.6136153537484018, 0.677741252237321, 0.677741252237321, 0.6778574164935792, 0.6776250677363334, 0.677392627877806, 0.6570051227060368, 0.6253484497487255, 0.6134991692474142, 0.677741252237321, 0.677741252237321, 0.6778574164935792, 0.6776250677363334, 0.6777993242430855, 0.659734932116285, 0.6322608910721614, 0.6144285946434916, 0.677741252237321, 0.677741252237321, 0.6776831701091918, 0.6776250677363334, 0.6777993242430855, 0.6635687271003011, 0.6322028393111262, 0.6211664150550495]


30
max_c:  0.1  max_gamma:  49.99999999999999 max_score: 0.6717584893690777
[0.6306342675688771, 0.6711777389443382, 0.6717584893690777, 0.6621744321095334, 0.6538681715464664, 0.6462010573295709, 0.6134411377311081, 0.6159387198524856, 0.6624647111594394, 0.6697256250069211, 0.6707710425790587, 0.6649045553130843, 0.6568885839222879, 0.6452137117631979, 0.6148352201522189, 0.6148932921579834, 0.662232372524558, 0.6687961388766559, 0.6707129705732942, 0.6657758479692097, 0.6574113736872736, 0.6477112837622108, 0.621863441082058, 0.6128602658379932, 0.6620581058954412, 0.6665890382524765, 0.671061544320986, 0.6657757568679282, 0.6579341634522592, 0.6492795720782508, 0.6265683971314595, 0.6133830556029789, 0.6617676547653369, 0.6644978387030757, 0.6707130009403879, 0.6666470596464181, 0.6583988002325634, 0.6518353071843098, 0.6372564703318656, 0.6141381131462935, 0.6617676547653369, 0.6639169364428671, 0.6704806623055065, 0.6680410307215183, 0.6627552533908252, 0.654565268430027, 0.6437616889270624, 0.6140219488900351, 0.6617676547653369, 0.6630456437867418, 0.67077113368034, 0.6686799240085746, 0.6644978893148988, 0.6569466660504171, 0.6474789552496941, 0.6165197638257988, 0.6617676547653369, 0.6621744321095334, 0.6699579130299794, 0.6692027036511957, 0.6647302684392384, 0.657934193819353, 0.6463753239586876, 0.6241288667711173]


40
max_c:  0.5  max_gamma:  49.99999999999999 max_score: 0.6658918705123634
[0.5537290963301508, 0.6515452103369669, 0.6633943086357151, 0.6589217013435597, 0.652706549228612, 0.6478275087526569, 0.6130345324671099, 0.6158806377243565, 0.6022302241538933, 0.6609544543597055, 0.6658918705123634, 0.6619421440864751, 0.6547975564530853, 0.6483502377834548, 0.6143123898977748, 0.6136153841154955, 0.5931107226957363, 0.659211919659278, 0.6650787409632843, 0.6624069023351545, 0.6553784182238355, 0.6492214697053925, 0.6155322664239566, 0.6128602658379932, 0.5845724170463616, 0.6568884422091834, 0.6638008531655256, 0.6625811183524483, 0.6557269413597044, 0.6499765879828948, 0.6213407322959893, 0.6129183479661224, 0.5751626770277571, 0.6521835570163342, 0.6630455526854603, 0.6626391802358483, 0.6564239471419837, 0.6503250807516698, 0.6298794428399485, 0.6132087788514976, 0.5679017834250045, 0.6491050523900188, 0.6616515512432662, 0.6629877236164464, 0.6561335162566087, 0.6511382204231136, 0.6354557320349336, 0.6133830454806143, 0.5641842741656221, 0.6467816862859349, 0.6608963924763055, 0.6629296313659525, 0.6557849931207397, 0.6523580463374724, 0.638418062282626, 0.6140800512628934, 0.5553550315126418, 0.6430640960476356, 0.6593281547720886, 0.6618841733043567, 0.6579341229628007, 0.6542167149270645, 0.6447491154723521, 0.6159969841831777]


