20
max_c:  0.5  max_gamma:  0.005 max_score: 0.6783801657691065
[0.6668217311701192, 0.6669379055487422, 0.6669959876768714, 0.6669959876768714, 0.6768119280648895, 0.6768119280648895, 0.6781478170118606, 0.6780897348837313, 0.670538845657282, 0.6706550200359048, 0.6706550200359048, 0.6706550099135402, 0.6761148109365994, 0.6780897551284606, 0.6780897551284606, 0.6783801657691065, 0.670538845657282, 0.6706550200359048, 0.6706550200359048, 0.6707130920416695, 0.6760567288084705, 0.6780897551284606, 0.6780897551284606, 0.6780897551284606, 0.670538845657282, 0.6706550200359048, 0.6706550200359048, 0.6706550099135402, 0.6744885012266181, 0.6780897551284606, 0.6780897551284606, 0.6776831802315564, 0.670538845657282, 0.6706550200359048, 0.6706550200359048, 0.6706550099135402, 0.6744885012266181, 0.6771602791205601, 0.6780897551284606, 0.6776831802315564, 0.670538845657282, 0.6706550200359048, 0.6706550200359048, 0.6706550099135402, 0.6744885012266181, 0.6755920616610723, 0.6780897551284606, 0.6776831802315564, 0.6704226814010236, 0.6706550200359048, 0.6706550200359048, 0.6706550099135402, 0.6744304190984888, 0.6755920616610723, 0.6780316730003314, 0.6776831802315564, 0.6704226814010236, 0.6706550200359048, 0.6706550200359048, 0.6706550099135402, 0.6744304190984888, 0.6755920616610723, 0.6753018028558957, 0.6776831802315564]


30
max_c:  1  max_gamma:  0.02 max_score: 0.672687945132249
[0.5859082756262387, 0.5886964202237314, 0.5899742472873024, 0.6145445159629993, 0.6378367652501976, 0.6649045350683552, 0.6689123537447373, 0.6521839214214601, 0.626975042884916, 0.6299953641594561, 0.6323188011200922, 0.6420770946416595, 0.6591536958180443, 0.669493073802383, 0.6717004578527715, 0.6659499526404927, 0.6275558540438432, 0.6313313037182502, 0.6328996021566548, 0.6416123667600738, 0.655029520560476, 0.6678083276815111, 0.672687945132249, 0.6665888864170074, 0.6274977213038909, 0.631679826854119, 0.6328415402732549, 0.639927954677234, 0.6514285500848426, 0.6608963722315764, 0.6721652059790865, 0.6690866203738541, 0.6276139058048785, 0.6319121553666357, 0.6330739092752301, 0.6385920049960753, 0.6471883624064853, 0.6565397267483869, 0.6707129402062003, 0.6698417184066273, 0.6275557831872909, 0.631737919104613, 0.6327254266288196, 0.638301553865971, 0.6465494589970643, 0.6507894948399525, 0.669260755412231, 0.6703644575597898, 0.6276719474435491, 0.6319702476171295, 0.6330739092752301, 0.6378949081125145, 0.6446906790614616, 0.6488146518717376, 0.6690282548195158, 0.6705386634547189, 0.6277300498164076, 0.6315055602250023, 0.6328996628908424, 0.6371397392231891, 0.6441678589293821, 0.6455619919623161, 0.6624643467543133, 0.6707709919672356]


40
max_c:  50  max_gamma:  0.005 max_score: 0.6794259072569115
[0.5537871784582801, 0.5538452605864093, 0.553903352836903, 0.5555877952868368, 0.5957829560960858, 0.6642076406320866, 0.6774508618414042, 0.6751856689667312, 0.5556459482715181, 0.5638941368288206, 0.5717354265735515, 0.6361519280280441, 0.6535776698045389, 0.6689123841118313, 0.6792516811172531, 0.6772185839407108, 0.5585501457792584, 0.5706896142291942, 0.5778341310060316, 0.6261030112961743, 0.64561982103133, 0.6624648326278146, 0.6785544931324109, 0.6774508922084981, 0.5608735523728007, 0.571096229615557, 0.5795767466853761, 0.6135566237889375, 0.6370232105618049, 0.6572951790639213, 0.6771023285831709, 0.678031784346342, 0.5608154702446715, 0.570341151827513, 0.5774275763538567, 0.5975832793760688, 0.6229665055206466, 0.6483500150914335, 0.6742561322246429, 0.6783222152317171, 0.5608154702446716, 0.5702249875712546, 0.5768467753172942, 0.5899161449144441, 0.6180870905172009, 0.6436450286749381, 0.6722813499906156, 0.678322296210634, 0.5608154803670361, 0.5697603305462212, 0.5757431440262876, 0.5856758863795345, 0.6095486633994508, 0.6384174245736557, 0.6712357805830088, 0.6787288812299028, 0.5608154803670361, 0.5701088739268193, 0.5752203846283958, 0.58027389418076, 0.601242423081113, 0.6328994503211857, 0.6683314514845288, 0.6794259072569115]


